22 8
214 30
1 0 22 4.53959 8034
1 0 23 -3.11648 8037
1 0 24 14.7921 8039
1 0 25 2.51441 8041
1 0 26 1.1301 8043
1 0 27 -2.68346 8045
1 0 28 5.46418 8047
1 0 29 -1.51788 8049
1 1 22 2.34738 8051
1 1 23 -1.32385 8053
1 1 24 2.93687 8054
1 1 25 -13.76 8055
1 1 26 -1.47698 8056
1 1 27 5.65313 8057
1 1 28 0.29294 8058
1 1 29 4.24355 8059
1 2 22 -1.79276 8060
1 2 23 -10.7902 8062
1 2 24 1.51407 8063
1 2 25 4.91031 8064
1 2 26 -10.8364 8065
1 2 27 3.48644 8066
1 2 28 -6.86473 8067
1 2 29 -4.39666 8068
1 3 22 0.35877 8069
1 3 23 -1.39735 8071
1 3 24 -0.484693 8072
1 3 25 7.2033 8073
1 3 26 -3.11256 8074
1 3 27 -7.80293 8075
1 3 28 2.19062 8076
1 3 29 2.1 8077
1 4 22 -7.42415 8078
1 4 23 -17.4147 8080
1 4 24 10.2004 8081
1 4 25 -0.855744 8082
1 4 26 -2.31974 8083
1 4 27 -6.98646 8084
1 4 28 -11.4988 8085
1 4 29 4.93335 8086
1 5 22 -3.1014 8087
1 5 23 -1.53923 8089
1 5 24 4.89896 8090
1 5 25 -1.15729 8091
1 5 26 4.28698 8092
1 5 27 -1.6544 8093
1 5 28 -11.4803 8094
1 5 29 6.35518 8095
1 6 22 2.9097 8096
1 6 23 -1.42016 8098
1 6 24 -8.07492 8099
1 6 25 -16.8295 8100
1 6 26 -1.97759 8101
1 6 27 -4.07566 8102
1 6 28 -3.20311 8103
1 6 29 4.3145 8104
1 7 22 -1.53961 8105
1 7 23 -1.97477 8107
1 7 24 9.054 8108
1 7 25 -0.902685 8109
1 7 26 -1.99041 8110
1 7 27 9.1383 8111
1 7 28 -7.75633 8112
1 7 29 0.652196 8113
1 8 22 -1.13326 8114
1 8 23 5.04894 8116
1 8 24 6.99689 8117
1 8 25 -7.13869 8118
1 8 26 -2.13689 8119
1 8 27 -1.25004 8120
1 8 28 -8.08436 8121
1 8 29 7.00755 8122
1 9 22 0.914242 8123
1 9 23 3.68957 8125
1 9 24 -4.05246 8126
1 9 25 1.24237 8127
1 9 26 8.96048 8128
1 9 27 8.17711 8129
1 9 28 1.16863 8130
1 9 29 -3.79371 8131
1 10 22 4.66094 8132
1 10 23 12.1749 8134
1 10 24 0.884885 8135
1 10 25 -8.8565 8136
1 10 26 -5.45009 8137
1 10 27 -9.00112 8138
1 10 28 -4.81984 8139
1 10 29 -0.152802 8140
1 11 22 4.17337 8141
1 11 23 2.07932 8143
1 11 24 0.12175 8144
1 11 25 3.95248 8145
1 11 26 1.08022 8146
1 11 27 -0.694395 8147
1 11 28 -3.97007 8148
1 11 29 2.53593 8149
1 12 22 -22.7247 8150
1 12 23 -1.62751 8152
1 12 24 -6.62369 8153
1 12 25 -0.551244 8154
1 12 26 9.79981 8155
1 12 27 5.72538 8156
1 12 28 0.0702273 8157
1 12 29 -1.16755 8158
1 13 22 -2.7941 8159
1 13 23 12.9435 8161
1 13 24 -9.30359 8162
1 13 25 13.9962 8163
1 13 26 8.16411 8164
1 13 27 -4.87742 8165
1 13 28 1.92943 8166
1 13 29 -1.05694 8167
1 14 22 -21.5041 8168
1 14 23 6.34508 8170
1 14 24 -0.68501 8171
1 14 25 2.84219 8172
1 14 26 -0.304767 8173
1 14 27 -2.44761 8174
1 14 28 -2.54266 8175
1 14 29 -9.04718 8176
1 15 22 -2.19487 8177
1 15 23 3.25204 8179
1 15 24 -1.33767 8180
1 15 25 -3.35384 8181
1 15 26 -1.16279 8182
1 15 27 3.64723 8183
1 15 28 2.83835 8184
1 15 29 5.13935 8185
1 16 22 5.86069 8186
1 16 23 0.459493 8188
1 16 24 -11.1617 8189
1 16 25 -3.36261 8190
1 16 26 -6.39416 8191
1 16 27 -6.62412 8192
1 16 28 -0.717698 8193
1 16 29 -8.79043 8194
1 17 22 -3.26034 8195
1 17 23 -0.735245 8197
1 17 24 6.11036 8198
1 17 25 -10.4169 8199
1 17 26 -9.02701 8200
1 17 27 -3.37827 8201
1 17 28 -1.24908 8202
1 17 29 1.18946 8203
1 18 22 -7.6255 8204
1 18 23 3.01525 8206
1 18 24 -3.94815 8207
1 18 25 1.76932 8208
1 18 26 -3.6312 8209
1 18 27 -5.24522 8210
1 18 28 -4.1235 8211
1 18 29 -2.59799 8212
1 19 22 -0.742462 8213
1 19 23 -4.6891 8215
1 19 24 2.95693 8216
1 19 25 -6.04158 8217
1 19 26 -9.82462 8218
1 19 27 -4.02066 8219
1 19 28 -7.89854 8220
1 19 29 -8.34937 8221
1 20 22 0.708607 8222
1 20 23 -0.156522 8224
1 20 24 15.9026 8225
1 20 25 3.52406 8226
1 20 26 -1.09558 8227
1 20 27 1.33092 8228
1 20 28 0.894166 8229
1 20 29 -0.087849 8230
1 21 22 -10.3221 8231
1 21 23 3.89928 8233
1 21 24 2.37611 8234
1 21 25 -2.39168 8235
1 21 26 -4.29326 8236
1 21 27 5.43571 8237
1 21 28 -5.72288 8238
1 21 29 2.56886 8239
1 22 29 -0.938587 32839
1 23 22 -0.981249 34337
1 29 28 -3.84764 35901
1 22 25 -4.10135 36130
1 24 29 -5.73978 37176
1 22 26 -7.57296 38022
1 23 29 -4.45792 38478
1 26 27 -4.66392 38556
1 22 27 -0.824248 40210
1 23 25 -0.531392 40463
1 22 23 1.417 40569
1 27 24 -3.59051 41321
1 27 28 6.59521 42007
1 22 24 0.393446 42157
1 23 26 10.846 42888
1 23 27 2.71894 43198
1 24 25 -3.83734 43551
1 24 27 6.41262 45613
1 23 24 -3.17123 48581
1 25 24 -14.381 49039
1 24 22 -1.39866 49355
1 24 26 -12.1529 51631
1 22 28 -1.47422 51716
1 25 27 -5.32988 52394
1 28 27 -0.750798 52503
1 27 23 -0.00366098 55562
1 26 25 2.93431 56118
1 27 25 -4.46851 56637
1 28 25 -5.87429 58308
1 25 29 -7.8315 58548
1 27 26 5.00133 59244
1 25 26 -2.09431 59505
1 28 26 -14.8737 59526
1 23 28 -0.7356 59918
1 24 28 2.74932 60598
1 27 29 -7.23183 60939
1 26 29 -10.0731 61478
1 28 29 -3.04425 61542
5.60665 8035
-1.56861 8052
-7.98305 8061
-0.656061 8070
-0.783679 8079
-5.27486 8088
7.17839 8097
0.127904 8106
5.82382 8115
4.2175 8124
6.28965 8133
0.978063 8142
5.5973 8151
-0.484903 8160
2.67413 8169
0.140447 8178
-1.95733 8187
-12.7069 8196
0.264122 8205
0.603428 8214
11.3518 8223
2.03642 8232
-9.78871 8036
2.91668 8035
1.23355 8035
4.60461 8035
-2.70701 8035
7.27063 8035
2.86037 8048
-0.634993 8035
